,CCGB01_SI,CCGB12_SI,CCGB20_SI,CCGE-LA001_SI,CCGUVB14_SI,CCGUVB1N3_SI,CCGUVB23_SI,CCGUVB4N_SI
CCGB01_SI,0.0,0.9312233280694339,0.7260203080310904,0.9390287082448283,0.9158290407379179,0.8993001112481588,0.8973094634421193,0.9126076629310503
CCGB12_SI,0.9312233280694339,0.0,0.9328434501161029,0.8529924839632715,0.8986305203997573,0.9126536166828629,0.9027240940861218,0.8819106842896106
CCGB20_SI,0.7260203080310904,0.9328434501161029,0.0,0.9383824970214075,0.9169042654468275,0.8967187448028419,0.8977650709220938,0.910443562691657
CCGE-LA001_SI,0.9390287082448283,0.8529924839632715,0.9383824970214075,0.0,0.8956807610506315,0.9144265320074698,0.903998440746975,0.8958783011006736
CCGUVB14_SI,0.9158290407379179,0.8986305203997573,0.9169042654468275,0.8956807610506315,0.0,0.6182650992969649,0.5019789063103064,0.0
CCGUVB1N3_SI,0.8993001112481588,0.9126536166828629,0.8967187448028419,0.9144265320074698,0.6182650992969649,0.0,0.5807397939308984,0.6838885500123435
CCGUVB23_SI,0.8973094634421193,0.9027240940861218,0.8977650709220938,0.903998440746975,0.5019789063103064,0.5807397939308984,0.0,0.5649713699164726
CCGUVB4N_SI,0.9126076629310503,0.8819106842896106,0.910443562691657,0.8958783011006736,0.0,0.6838885500123435,0.5649713699164726,0.0